255 255 255 255 255 255 255 255 255 255 255 255 255 255 255 255
255 224 239 239 239   0 255   0  16 255   0 239 239 239 224 255
255 239   0   0 255   0 255 255   0 255   0 255   0   0 239 255
255 239   0   0 255   0 207  48 207 207   0 255   0   0 239 255
255 239 255 255 255   0 255 255   0 255   0 255 255 255 239 255
255   0   0   0   0   0   0 255 255   0   0   0   0   0   0 255
255 255   0  48 255   0   0   0   0   0   0 255 207 255 255 255
255 255   0 255   0 255   0   0 255   0 255   0 255   0  16 255
255 239 255   0 255 255 255   0   0   0   0 255  48 255  16 255
255  16 255  48 255   0   0 255   0 255 255 255   0   0  16 255
255   0   0   0   0   0   0 255   0   0   0 255 207   0 255 255
255 239 255 255 255   0 255   0 255   0   0 255 255   0 255 255
255 239   0   0 255   0  48   0  48   0 255 255 216 207  13 255
255 239   0   0 255   0   0   0   0 255   0 255   0 255 255 255
255 224 239 239 239   0 255   0 239 255 255 239  16 255 240 255
255 255 255 255 255 255 255 255 255 255 255 255 255 255 255 255
255 255 255 255 255 255 255 255 255 255 255 255 255 255 255 255
255 224 239 239 239   0 255   0  16 255   0 239 239 239 224 255
255 239   0   0 255   0 255 255   0 255   0 255   0   0 239 255
255 239   0   0 255   0 207  48 207 207   0 255   0   0 239 255
255 239 255 255 255   0 255 255   0 255   0 255 255 255 239 255
255   0   0   0   0   0   0 255 255   0   0   0   0   0   0 255
255 255   0  48 255   0   0   0   0   0   0 255 207 255 255 255
255 255   0 255   0 255   0   0 255   0 255   0 255   0  16 255
255 239 255   0 255 255 255   0   0   0   0 255  48 255  16 255
255  16 255  48 255   0   0 255   0 255 255 255   0   0  16 255
255   0   0   0   0   0   0 255   0   0   0 255 207   0 255 255
255 239 255 255 255   0 255   0 255   0   0 255 255   0 255 255
255 239   0   0 255   0  48   0  48   0 255 255 216 207  13 255
255 239   0   0 255   0   0   0   0 255   0 255   0 255 255 255
255 224 239 239 239   0 255   0 239 255 255 239  16 255 240 255
255 255 255 255 255 255 255 255 255 255 255 255 255 255 255 255
255 255 255 255 255 255 255 255 255 255 255 255 255 255 255 255
255 224 239 239 239   0 255   0  16 255   0 239 239 239 224 255
255 239   0   0 255   0 255 255   0 255   0 255   0   0 239 255
255 239   0   0 255   0 207  48 207 207   0 255   0   0 239 255
255 239 255 255 255   0 255 255   0 255   0 255 255 255 239 255
255   0   0   0   0   0   0 255 255   0   0   0   0   0   0 255
255 255   0  48 255   0   0   0   0   0   0 255 207 255 255 255
255 255   0 255   0 255   0   0 255   0 255   0 255   0  16 255
255 239 255   0 255 255 255   0   0   0   0 255  48 255  16 255
255  16 255  48 255   0   0 255   0 255 255 255   0   0  16 255
255   0   0   0   0   0   0 255   0   0   0 255 207   0 255 255
255 239 255 255 255   0 255   0 255   0   0 255 255   0 255 255
255 239   0   0 255   0  48   0  48   0 255 255 216 207  13 255
255 239   0   0 255   0   0   0   0 255   0 255   0 255 255 255
255 224 239 239 239   0 255   0 239 255 255 239  16 255 240 255
255 255 255 255 255 255 255 255 255 255 255 255 255 255 255 255

255 255 255 255 255 255 255 255 255 255 255 255 255 255 255 255
255 224 239 239 239   0 255  16  16  16 255 255  13 255 240 255
255 239   0   0 255   0 255   0 255   0   0   0 207 255 255 255
255 239   0   0 255   0 207 255  48   0 207 255 216   0  16 255
255 239 255 255 255   0 255   0 255 255 255 255 255 255 239 255
255   0   0   0   0   0   0 255   0 255   0   0 255   0 255 255
255 255 255 207 255   0   0   0   0 255   0   0   0 255 255 255
255  16   0 207   0 255   0 255   0   0   0 255  48   0 239 255
255   0 255  48 255 255   0   0   0 255 255   0   0   0   0 255
255 255 255 207 255   0   0   0 255   0   0 255  48   0 255 255
255   0   0   0   0   0   0 255 255   0   0   0   0   0   0 255
255 239 255 255 255   0 255   0 255 255   0 255 255 255 239 255
255 239   0   0 255   0  48 255   0  48   0 255   0   0 239 255
255 239   0   0 255   0   0   0 255 255   0 255   0   0 239 255
255 224 239 239 239   0 255 255 239  16   0 239 239 239 224 255
255 255 255 255 255 255 255 255 255 255 255 255 255 255 255 255
255 255 255 255 255 255 255 255 255 255 255 255 255 255 255 255
255 224 239 239 239   0 255  16  16  16 255 255  13 255 240 255
255 239   0   0 255   0 255   0 255   0   0   0 207 255 255 255
255 239   0   0 255   0 207 255  48   0 207 255 216   0  16 255
255 239 255 255 255   0 255   0 255 255 255 255 255 255 239 255
255   0   0   0   0   0   0 255   0 255   0   0 255   0 255 255
255 255 255 207 255   0   0   0   0 255   0   0   0 255 255 255
255  16   0 207   0 255   0 255   0   0   0 255  48   0 239 255
255   0 255  48 255 255   0   0   0 255 255   0   0   0   0 255
255 255 255 207 255   0   0   0 255   0   0 255  48   0 255 255
255   0   0   0   0   0   0 255 255   0   0   0   0   0   0 255
255 239 255 255 255   0 255   0 255 255   0 255 255 255 239 255
255 239   0   0 255   0  48 255   0  48   0 255   0   0 239 255
255 239   0   0 255   0   0   0 255 255   0 255   0   0 239 255
255 224 239 239 239   0 255 255 239  16   0 239 239 239 224 255
255 255 255 255 255 255 255 255 255 255 255 255 255 255 255 255
255 255 255 255 255 255 255 255 255 255 255 255 255 255 255 255
255 224 239 239 239   0 255  16  16  16 255 255  13 255 240 255
255 239   0   0 255   0 255   0 255   0   0   0 207 255 255 255
255 239   0   0 255   0 207 255  48   0 207 255 216   0  16 255
255 239 255 255 255   0 255   0 255 255 255 255 255 255 239 255
255   0   0   0   0   0   0 255   0 255   0   0 255   0 255 255
255 255 255 207 255   0   0   0   0 255   0   0   0 255 255 255
255  16   0 207   0 255   0 255   0   0   0 255  48   0 239 255
255   0 255  48 255 255   0   0   0 255 255   0   0   0   0 255
255 255 255 207 255   0   0   0 255   0   0 255  48   0 255 255
255   0   0   0   0   0   0 255 255   0   0   0   0   0   0 255
255 239 255 255 255   0 255   0 255 255   0 255 255 255 239 255
255 239   0   0 255   0  48 255   0  48   0 255   0   0 239 255
255 239   0   0 255   0   0   0 255 255   0 255   0   0 239 255
255 224 239 239 239   0 255 255 239  16   0 239 239 239 224 255
255 255 255 255 255 255 255 255 255 255 255 255 255 255 255 255

255 255 255 255 198 255 252 197 197 252 207 184 184 184 184 235
215 193 227 113 152 207 230 162  51 241  82 125 141 141  79 184
250 219 211  29 208 122 200  54  41  48  82 202  18  35 141 184
223  64 154 191 241 217  25  92   3 126  82 200   1  18 141 184
248 229  66 241 224  90  41 180  26 219  82 195 200 202 125 184
231 216 128 178 152 110  90  18 220  46 138  83  83  83  83 207
245 116  42  39 207 168 201  48 243  29  46 229 126 196 133 252
240  92 150  92 180  67  67  12  12 236 204 229  51 174 115 183
240  91  42 204  45 138  52 214  52  67 204  87 254  65 203 240
255 248 245 161 200  42  34  79  70   9  46 220 138  51 253 255
207  82  82  82  82 138 113 204 204  46 138  82  82  82  82 207
184 125 202 200 195  83 199  30 209 210  82 195 200 202 125 184
184 141  18   1 200  83 156 135 114 154  82 200   1  18 141 184
184 141  35  18 202  83 245  77 187 252  82 202  18  35 141 184
184  79 141 141 125  83 248  91   4 243  82 125 141 141  79 184
235 184 184 184 184 207 255 240 183 252 207 184 184 184 184 235
255 255 255 255 198 255 252 197 197 252 207 184 184 184 184 235
215 193 227 113 152 207 230 162  51 241  82 125 141 141  79 184
250 219 211  29 208 122 200  54  41  48  82 202  18  35 141 184
223  64 154 191 241 217  25  92   3 126  82 200   1  18 141 184
248 229  66 241 224  90  41 180  26 219  82 195 200 202 125 184
231 216 128 178 152 110  90  18 220  46 138  83  83  83  83 207
245 116  42  39 207 168 201  48 243  29  46 229 126 196 133 252
240  92 150  92 180  67  67  12  12 236 204 229  51 174 115 183
240  91  42 204  45 138  52 214  52  67 204  87 254  65 203 240
255 248 245 161 200  42  34  79  70   9  46 220 138  51 253 255
207  82  82  82  82 138 113 204 204  46 138  82  82  82  82 207
184 125 202 200 195  83 199  30 209 210  82 195 200 202 125 184
184 141  18   1 200  83 156 135 114 154  82 200   1  18 141 184
184 141  35  18 202  83 245  77 187 252  82 202  18  35 141 184
184  79 141 141 125  83 248  91   4 243  82 125 141 141  79 184
235 184 184 184 184 207 255 240 183 252 207 184 184 184 184 235
255 255 255 255 198 255 252 197 197 252 207 184 184 184 184 235
215 193 227 113 152 207 230 162  51 241  82 125 141 141  79 184
250 219 211  29 208 122 200  54  41  48  82 202  18  35 141 184
223  64 154 191 241 217  25  92   3 126  82 200   1  18 141 184
248 229  66 241 224  90  41 180  26 219  82 195 200 202 125 184
231 216 128 178 152 110  90  18 220  46 138  83  83  83  83 207
245 116  42  39 207 168 201  48 243  29  46 229 126 196 133 252
240  92 150  92 180  67  67  12  12 236 204 229  51 174 115 183
240  91  42 204  45 138  52 214  52  67 204  87 254  65 203 240
255 248 245 161 200  42  34  79  70   9  46 220 138  51 253 255
207  82  82  82  82 138 113 204 204  46 138  82  82  82  82 207
184 125 202 200 195  83 199  30 209 210  82 195 200 202 125 184
184 141  18   1 200  83 156 135 114 154  82 200   1  18 141 184
184 141  35  18 202  83 245  77 187 252  82 202  18  35 141 184
184  79 141 141 125  83 248  91   4 243  82 125 141 141  79 184
235 184 184 184 184 207 255 240 183 252 207 184 184 184 184 235

235 184 184 184 184 207 252 183 240 255 207 184 184 184 184 235
184  79 141 141 125  83 133 115 203 253  82 125 141 141  79 184
184 141  35  18 202  83 196 174  65  51  82 202  18  35 141 184
184 141  18   1 200  83 126  51 254 138  82 200   1  18 141 184
184 125 202 200 195  83 229 229  87 220  82 195 200 202 125 184
207  82  82  82  82 138  46 204 204  46 138  82  82  82  82 207
252 241  48 126 219  46  29 236  67   9  46 210 154 252 243 252
197  51  41   3  26 220 243  12  52  70 204 209 114 187   4 183
197 162  54  92 180  18  48  12 214  79 204  30 135  77  91 240
252 230 200  25  41  90 201  67  52  34 113 199 156 245 248 255
255 207 122 217  90 110 168  67 138  42 138  83  83  83  83 207
198 152 208 241 224 152 207 180  45 200  82 195 200 202 125 184
255 113  29 191 241 178  39  92 204 161  82 200   1  18 141 184
255 227 211 154  66 128  42 150  42 245  82 202  18  35 141 184
255 193 219  64 229 216 116  92  91 248  82 125 141 141  79 184
255 215 250 223 248 231 245 240 240 255 207 184 184 184 184 235
235 184 184 184 184 207 252 183 240 255 207 184 184 184 184 235
184  79 141 141 125  83 133 115 203 253  82 125 141 141  79 184
184 141  35  18 202  83 196 174  65  51  82 202  18  35 141 184
184 141  18   1 200  83 126  51 254 138  82 200   1  18 141 184
184 125 202 200 195  83 229 229  87 220  82 195 200 202 125 184
207  82  82  82  82 138  46 204 204  46 138  82  82  82  82 207
252 241  48 126 219  46  29 236  67   9  46 210 154 252 243 252
197  51  41   3  26 220 243  12  52  70 204 209 114 187   4 183
197 162  54  92 180  18  48  12 214  79 204  30 135  77  91 240
252 230 200  25  41  90 201  67  52  34 113 199 156 245 248 255
255 207 122 217  90 110 168  67 138  42 138  83  83  83  83 207
198 152 208 241 224 152 207 180  45 200  82 195 200 202 125 184
255 113  29 191 241 178  39  92 204 161  82 200   1  18 141 184
255 227 211 154  66 128  42 150  42 245  82 202  18  35 141 184
255 193 219  64 229 216 116  92  91 248  82 125 141 141  79 184
255 215 250 223 248 231 245 240 240 255 207 184 184 184 184 235
235 184 184 184 184 207 252 183 240 255 207 184 184 184 184 235
184  79 141 141 125  83 133 115 203 253  82 125 141 141  79 184
184 141  35  18 202  83 196 174  65  51  82 202  18  35 141 184
184 141  18   1 200  83 126  51 254 138  82 200   1  18 141 184
184 125 202 200 195  83 229 229  87 220  82 195 200 202 125 184
207  82  82  82  82 138  46 204 204  46 138  82  82  82  82 207
252 241  48 126 219  46  29 236  67   9  46 210 154 252 243 252
197  51  41   3  26 220 243  12  52  70 204 209 114 187   4 183
197 162  54  92 180  18  48  12 214  79 204  30 135  77  91 240
252 230 200  25  41  90 201  67  52  34 113 199 156 245 248 255
255 207 122 217  90 110 168  67 138  42 138  83  83  83  83 207
198 152 208 241 224 152 207 180  45 200  82 195 200 202 125 184
255 113  29 191 241 178  39  92 204 161  82 200   1  18 141 184
255 227 211 154  66 128  42 150  42 245  82 202  18  35 141 184
255 193 219  64 229 216 116  92  91 248  82 125 141 141  79 184
255 215 250 223 248 231 245 240 240 255 207 184 184 184 184 235
